298

Amos:
4, 10—12: 116, 12
*5, 1111 116, 211. 114

lonae:
2, 13: 123, 11
(ιε, 3): 30, 11
(3, 5); 111, ;111

Aggaei:
2, 12—11: 36, 27

Malachiae:
1, 111 37, 7
1, 11: 37, 11
3, 111 5, 11. 23, 23

Maccahaeorum I:
(9, 55)t 129, 111

TESTAMENTI NOVI:

Matthaei:
(‹·. 2): 26, :11
(3, 11): 125, 211
(3, 12)1 48, 12
(4, 4); 113, 5
4, 111; 9, :11
(4, 111)1 124, 2
(4, 211); 33, 24
5, S: 122, 211
5, 221 13, 11
(5, 52)ε 84, 22
(5, 117); 89, 11,·
(5, 311-42); 120, 5
6, 9: 107, 15.
6, 2111 2, ιει
7, 7: 111, 116
Τ, 13ῑ 125, 111
(S, 2): 104, 111
(8, 25): 112, u
8, 2111 112, 21. 112
(9, 2); 27, 4
(9, 11): 124, 11
(9, 211-22>; 31, 27
(9, 24)1 1116, 111
(9,27);11,22
(10, 111); 38, 12
⁴10, 17: 1,11
(10, 15); 64, 111
(111, w: 56, 11
10, :12sq.: 1, 4
’10, ;15; 34, 111
11, 12: 10, 1111. 25, ῑ111
11, 21: 163, 111
11,271122, 4. 111
11, 211ε 20, 20
12, 1111116, :11

(12, 36); 28, s, 202, 1;1

(13, 20:
13, 171 3, 14

34, r.

(13, 24-310. 511-43)ε 133,

21

(13, 25>ε 57, 11

(13, 3lsq.): 32, 5
(13, 52>1 150, 211
(14, 17. 20): 58, :1
(14, 27-112); 137, ;1ο
15, 221 23, 30

(15, 22—2s‘12 31, 25
15, 251 24. 7

(10, 11): 58, 6

16, 1:1—17): 24, 27
16, 1111 137, 37.
16. 271 20, 511. 115

150, 211

(

 

Ι. INDEX SCRIPTORVM.

Matthaei:
17, 5: 107, 13. 16
(18, 12): 43, 111.114, :31
19,3.5134,17
19, 6: 9, 11
19, 27: 33, 23
19, 2111 33, 25. 178, 4
(20, 1-16)ε 30, 12
(21, 1—9): 149, 24
(21, 511 37, 25. 104, 17
(22, 21); 82, 12. 92, 25
23, 1: 31, 10
24, 431 119, 5
(25, 111); 53, 111
(25, 27): 125, 15
25, ³1: 5, 5. 20, 25
*25, 31-1111 20, 15
*25, 41: 20, 213
26, 2: 104, 10
(26, 7): 125, 2ῑ1
⁴26, 21: 5, 211
26, as: 9, 21
(27, 30): 104, 15
27, 34: 27, 113
(27, ²³³)2 25, 111
27, 1ο; 25, 1
(27, 15>1 23, 17
(27, 1511 25, 5
27, 60: 38, 3
28, 1517, 1. 11, 12
28, 201 112, 111

Marci:
(4, ⁸): 141, 1)
(4, 25); 149, 14
(4. 31sq.]: 32, 5
(6, ss. 1:3J: 59, 3
’7, 11. 121 12, 22-25
*7, 1111 13, 7
(S, 111. 20); 58, 11
(11, lam: 149, 21
(12,11-11)ε 142, 11
13, κε 55, 1
(13, 11): 64, 19
14, 1141 9, 24
(15, 46); 38, :1

Lucae:

(1, 111); 17, :11

1, 35: 17,.111

⁴2, 14: 5, 211

2, 51: 9, 2:1

6, 211 118, 5

6, 25: 118, f»

(7, 12): 106, ε11

(12, 1. 5): 56, 3

12, 2111: 119, .'›

(13, 1111132, r,
(13, 2411 125, 10
(14, 12); 25, :11
16,111-12; 108. 2
(16, 11;)1 25, ε11)
116, 31: 21, 2. :10
18,11-11131,111
18, 121: 117, :111

(19, 1—201: 130, 1. 141, ;1

19, 111 133, 5. 7

(19, 2ο>ε 150, 211

(19, 211-5511 149, 21
(21, 2. ε1); 33, 211

23, 111: 25, 7

(23, 411-12); 31, :1⁴1
23, 421 25, 211

24, 11111 29, 17

’24, 411 3, 111, 28, 3111
’24, 51; 28, :15

 

Iohannis:

1, 1: 17, 11

1, 12: 107, 111

1, 14: 54, 211. 17, 11
2, 4: 24, 11

(2, 1911 4, 112

3, 8: 14, 24
*3,13:10,10.21.19, 10
73, 16: 61, 1111

(c. 5): 27, 4

(5, 2): 129, 121

(5, 41: 129, 18

5, 231 6, 2. 10, 11

5, 161 3, 13

(6, 31—33): 134, 1
(6, 44); 10, 311

(S, 44): 28, s

78, 56: 3, 12. 19, 211
S, 57. 551 61, 11

8, 551 19, 211

8, 59: 19, 30

(9, 1sqq.): 27, 4. 129, 9
(9, 7. 11): 129, 121
(10, 1. 2): 59, 3

10, 151425. 24, 22
(11, 35. 319126, 114
(11,4;1); 106, 31
*13, 13: 9, 27

*14, 2. 3: 10, 20

14, 261 6, 22

15, 101112, 32

15, 21116, 14. 22
16, 221 118, 11

17, 5; 61, 1ῑ1

(19, 2ο]; 121, 22

(19, 31—33): 105, 21
19, 34: 105, :11

(20, 19 sqq.): 27, 211
20, 27; 27, 27

20, 25: 27, 112. 61, 11

Actorum:

*1, 10. 11: 29, 7

4, 12: 7, 22

(4, 26); 64, 211

4, 32: 9, 111

5, 111 6, s

*5, 4³: 30, 26

5, 4¹⁷: 6, 0

(5, 29): 56, 3

(7, s): 21, 11

(S, 17): 14, 25

(S, ls): 124, 211

(S, 27 sqq.): 129, 26

(9, asqq.): 129, 26

(9, 15J: 8, 10. 19,-1. 121,
1. 150, 111

*10, 151 113, 112

ἿΟ, 34. ’.151 113, 211

(12, 5sqq.): 137, :19

(12, 7. 11111 150, 111

’*13, 2: ὃ, 111

(16, 14. 21ης 150, 111

(19, 11); 14, 25

ad Romanos:

1, 1—3: 11, 25

³⁴2, 4. 5: 1621, 111
(2, 11): 129, 211

4, 3: 31, 23

(4, 11): 34, 1111

6, 1); 27, 15. 107, 7
S, 9: 6, 11

S, 111132, 10

8, 2613, 221

8, 32: 27, 10

 

